40961.3656 161491.0754 588.7645
40827.1469 161522.3191 604.6753
40641.6772 161565.6114 585.9066
39759.5684 161771.7130 596.8265
39618.1736 161791.3331 581.9086
39313.6935 161832.2383 529.6556
38962.3688 161879.7935 512.3796
38798.4009 161901.9972 492.4180
38443.9318 161950.2120 412.3354
38065.3718 162001.3264 372.1222
37841.6633 162031.8370 329.6230
37449.6519 162084.9321 277.2481
37037.3901 162141.2934 310.5311
36877.3310 162162.5397 319.7081
35749.2881 162315.9343 514.2118
35476.9870 162352.5852 548.6967
35103.9776 162403.2623 584.0924
34782.7147 162470.0954 506.6643
33825.2046 162670.3607 488.5447
33627.8295 162723.5307 451.6138
32985.5033 162896.2685 442.3942
32157.6512 163120.3989 465.6268
31851.9079 163208.4129 511.9038
31640.3096 163270.8410 500.8021
31565.1856 163292.0765 485.4524
